image_width: 640
image_height: 480
camera_name: creative_cam
camera_matrix:
  rows: 3
  cols: 3
  data: [667.621249, 0, 334.641953, 0, 671.269284, 264.567343, 0, 0, 1]
distortion_model: plumb_bob
distortion_coefficients:
  rows: 1
  cols: 5
  data: [0.046315, -0.348939, -0.000615, 0.003354, 0]
rectification_matrix:
  rows: 3
  cols: 3
  data: [1, 0, 0, 0, 1, 0, 0, 0, 1]
projection_matrix:
  rows: 3
  cols: 4
  data: [661.360046, 0, 337.1724, 0, 0, 671.352966, 264.722067, 0, 0, 0, 1, 0]